0.102767 0.140177 0.102576
0.164393 0.214761 0.072019
0.094981 0.176898 0.049668
0.068087 0.101868 0.067743
0.096503 0.192185 0.058597
0.085559 0.033574 0.086065
0.114025 0.090307 0.038949
0.093569 0.077614 0.045278
0.101647 0.083648 0.057601
0.179001 0.037906 0.108986
0.188803 0.249306 0.133371
0.102647 0.250605 0.067973
0.161416 0.055107 0.161464
0.119959 0.081354 0.093617
0.184308 0.188378 0.057963
0.090454 0.206003 0.090642
0.201525 0.097774 0.016048
0.019345 0.121275 0.021166
0.172738 0.120306 0.039181
0.209954 0.163640 0.052016
0.077874 0.051339 0.052632