0.105098 0.103336 0.147140
0.072948 0.167432 0.223122
0.051228 0.097062 0.184740
0.068346 0.070898 0.118506
0.099712 0.071530 0.215002
0.085656 0.085848 0.041788
0.140458 0.136312 0.044982
0.092226 0.102030 0.037278
0.106770 0.061462 0.099400
0.146328 0.202874 0.039542
0.159810 0.157306 0.293620
0.112422 0.072590 0.277178
0.161696 0.163252 0.060978
0.133400 0.094318 0.084588
0.202122 0.229442 0.061552
0.106668 0.108480 0.240242
0.110210 0.257878 0.015808
0.021110 0.125212 0.019532
0.140818 0.174792 0.040068
0.210450 0.185262 0.036514
0.052900 0.077960 0.067918
